intrinsic:
915.2163005311241 0.0 359.7994445235205 
0.0 914.0345998160249 381.5074004606815 
0.0 0.0 1.0 
distortion:
0.011862903587074017 0.9126810621456324 0.006131983991505052 -0.0004774441280254608 -3.315298707574862 
