intrinsic:
988.6946372992566 0.0 360.96342943612075 
0.0 986.9134590757858 363.04609720702143 
0.0 0.0 1.0 
distortion:
0.00016126016545269276 1.489419788328975 -0.0028897192169222634 -0.0021291847501304197 -6.867111968327579 
