intrinsic:
934.8056993580261 0.0 366.0360497773273 
0.0 933.707265495422 378.4670389099217 
0.0 0.0 1.0 
distortion:
0.01593454213623811 1.0392008304858078 0.00391580176312104 0.001258060633814494 -4.019780996249603 
