intrinsic:
917.0639686177142 0.0 360.81035728532964 
0.0 915.8145518335403 355.72698703937766 
0.0 0.0 1.0 
distortion:
0.016554901438297142 0.9255199294923714 -0.0038330878884346446 -0.0016147005523608961 -3.7154033419798043 
